DONE 001 1 build gettext:host 145.7333 23.4518 189 89.5834 1663461749.5102 1663461839.0936 
DONE 002 1 build make:host 7.8029 1.4966 166 5.5857 1663461840.7685 1663461846.3541 
DONE 003 1 build configtools:host 0.1523 0.0398 106 0.1807 1663461846.4219 1663461846.6025 
DONE 004 1 install kernel-firmware:target 12.1559 2.1713 104 13.7603 1663461846.6032 1663461860.3635 
DONE 005 1 install wireless-regdb:target 0.2280 0.0336 104 0.2506 1663461860.5361 1663461860.7867 
DONE 006 1 install texturecache.py:target 0.2083 0.0257 106 0.2204 1663461860.7876 1663461861.0079 
DONE 007 1 install alsa-topology-conf:target 0.2118 0.0359 106 0.2335 1663461861.0088 1663461861.2423 
DONE 008 1 install alsa-ucm-conf:target 0.2483 0.0870 106 0.3173 1663461861.2431 1663461861.5604 
DONE 009 1 install ir-bpf-decoders:target 0.1864 0.0436 103 0.2238 1663461861.5609 1663461861.7847 
DONE 010 1 build pkg-config:host 27.5306 4.1578 294 10.7709 1663461861.7852 1663461872.5562 
DONE 011 1 build cmake:host 1349.1037 92.5592 1248 115.4805 1663461872.7516 1663461988.2321 
DONE 012 1 build zstd:host 36.7376 2.2823 761 5.1244 1663461988.9231 1663461994.0476 
DONE 013 1 build ccache:host 121.7852 8.0645 755 17.1938 1663461994.0613 1663462011.2551 
DONE 014 1 build m4:host 22.2327 6.9062 148 19.7481 1663462011.2698 1663462031.0180 
DONE 015 1 build autoconf:host 1.1843 0.2253 84 1.6737 1663462031.0725 1663462032.7462 
DONE 016 1 build autoconf-archive:host 0.4664 0.1161 39 1.5044 1663462032.7879 1663462034.2923 
DONE 017 1 build automake:host 1.4722 0.3387 86 2.1015 1663462034.3579 1663462036.4594 
DONE 018 1 build bison:host 20.2930 4.9228 101 25.0446 1663462036.5057 1663462061.5503 
DONE 019 1 build intltool:host 0.4765 0.1103 40 1.4796 1663462061.6196 1663462063.0992 
DONE 020 1 build libtool:host 7.0200 1.8240 128 6.8955 1663462063.1085 1663462070.0040 
DONE 021 1 build autotools:host 0.1078 0.0130 106 0.1141 1663462070.0464 1663462070.1605 
DONE 022 1 build flex:host 16.1897 2.3644 176 10.5183 1663462070.1608 1663462080.6791 
DONE 023 1 build zlib:host 4.6297 0.7024 494 1.0790 1663462080.7486 1663462081.8275 
DONE 024 1 build bzip2:host 1.8900 0.1898 186 1.1184 1663462081.8372 1663462082.9556 
DONE 025 1 build libffi:host 6.9169 1.0144 103 7.6873 1663462082.9645 1663462090.6519 
DONE 026 1 build util-linux:host 86.2932 15.0953 437 23.2226 1663462090.6931 1663462113.9157 
DONE 027 1 build xz:host 14.5972 3.7494 320 5.7382 1663462113.9864 1663462119.7246 
DONE 028 1 build Python3:host 126.7730 14.0199 504 27.9126 1663462120.0052 1663462147.9178 
DONE 029 1 build ninja:host 40.7698 4.0491 730 6.1432 1663462148.3853 1663462154.5285 
DONE 030 1 build setuptools:host 1.2784 0.1353 101 1.3990 1663462154.5433 1663462155.9423 
DONE 031 1 build pathlib:host 0.2054 0.0181 106 0.2115 1663462155.9777 1663462156.1891 
DONE 032 1 build meson:host 1.5045 0.3063 103 1.7659 1663462156.1901 1663462157.9561 
DONE 033 1 build p7zip:host 42.5036 6.7946 1299 3.7946 1663462158.0022 1663462161.7968 
DONE 034 1 build pigz:host 1.9972 0.2363 221 1.0128 1663462161.8761 1663462162.8889 
DONE 035 1 build sed:host 12.1920 3.4189 120 12.9998 1663462162.8926 1663462175.8923 
DONE 036 1 build libxml2:host 58.7792 4.1354 347 18.1519 1663462175.9166 1663462194.0685 
DONE 037 1 build libxslt:host 12.5038 1.6250 152 9.2897 1663462194.2701 1663462203.5598 
DONE 038 1 build xmlstarlet:host 4.0200 1.2037 119 4.3816 1663462203.6196 1663462208.0012 
DONE 039 1 build toolchain:host 0.1008 0.0115 107 0.1045 1663462208.0172 1663462208.1216 
DONE 040 1 build rsync:host 15.5073 3.2975 266 7.0655 1663462208.1220 1663462215.1875 
DONE 041 1 build linux:host 10.3448 2.5570 218 5.9293 1663462215.2276 1663462221.1569 
DONE 042 1 build binutils:host 669.6919 56.9509 966 75.1839 1663462221.1924 1663462296.3763 
DONE 043 1 build gmp:host 53.8301 11.1344 436 14.8849 1663462296.9648 1663462311.8497 
DONE 044 1 build mpfr:host 36.9708 6.8355 613 7.1446 1663462312.5422 1663462319.6868 
DONE 045 1 build mpc:host 8.8311 2.0898 369 2.9600 1663462320.4183 1663462323.3783 
DONE 046 1 install gcc:bootstrap 1355.6340 105.3779 1017 143.5988 1663462323.4918 1663462467.0905 
DONE 047 1 install glibc:target 606.4042 111.6414 740 97.0450 1663462468.8680 1663462565.9130 
DONE 048 1 build gcc:host 510.0668 63.2249 605 94.8236 1663462584.8160 1663462679.6396 
DONE 049 1 install toolchain:target 0.1275 0.0187 107 0.1367 1663462683.6570 1663462683.7937 
DONE 050 1 build lzo:host 9.2515 2.3072 246 4.6932 1663462683.7942 1663462688.4874 
DONE 051 1 build squashfs-tools:host 3.4660 0.4478 332 1.1790 1663462688.5016 1663462689.6806 
DONE 052 1 build dosfstools:host 3.4886 0.7862 227 1.8852 1663462689.6899 1663462691.5751 
DONE 053 1 build libcap:host 0.7059 0.1123 201 0.4065 1663462691.6081 1663462692.0146 
DONE 054 1 build fakeroot:host 5.1841 1.0994 99 6.3193 1663462692.0191 1663462698.3384 
DONE 055 1 build kmod:host 6.2875 1.4758 203 3.8150 1663462698.3702 1663462702.1852 
DONE 056 1 build mtools:host 12.7029 3.0272 250 6.2942 1663462702.2050 1663462708.4992 
DONE 057 1 build e2fsprogs:host 16.9690 3.4528 104 19.6665 1663462708.5487 1663462728.2152 
DONE 058 1 build populatefs:host 0.6007 0.1548 246 0.3070 1663462728.3345 1663462728.6415 
DONE 059 1 install tz:target 0.7932 0.1502 208 0.4538 1663462728.6454 1663462729.0991 
DONE 060 1 install libidn2:target 13.2328 3.2056 212 7.7575 1663462729.1054 1663462736.8629 
DONE 061 1 install libc:target 0.1288 0.0147 107 0.1341 1663462736.9284 1663462737.0625 
DONE 062 1 install gcc:target 0.1707 0.0491 106 0.2065 1663462737.0630 1663462737.2695 
DONE 063 1 install keyutils:target 1.4132 0.2374 250 0.6599 1663462737.2701 1663462737.9300 
DONE 064 1 install zlib:target 5.3176 0.9359 545 1.1470 1663462737.9426 1663462739.0896 
DONE 065 1 build ncurses:host 89.9154 22.5776 614 18.3312 1663462739.1037 1663462757.4349 
DONE 066 1 install ncurses:target 30.5096 9.5073 274 14.5985 1663462758.1008 1663462772.6993 
DONE 067 1 build openssl:host 376.0458 67.3442 1334 33.2278 1663462772.7577 1663462805.9855 
DONE 068 1 install binutils:target 57.4580 11.4568 380 18.1187 1663462808.2946 1663462826.4133 
DONE 069 1 build elfutils:host 70.6716 21.4051 619 14.8706 1663462826.6104 1663462841.4810 
DONE 070 1 install elfutils:target 97.7881 28.7156 752 16.8187 1663462841.5213 1663462858.3400 
DONE 071 1 install libunwind:target 20.9616 5.8387 274 9.7787 1663462858.3899 1663462868.1686 
DONE 072 1 install openssl:target 449.2838 78.7444 1348 39.1574 1663462868.3669 1663462907.5243 
DONE 073 1 install kmod:target 7.0863 1.6853 206 4.2558 1663462909.2490 1663462913.5048 
DONE 074 1 install libcap:target 0.7620 0.1397 213 0.4228 1663462913.5272 1663462913.9500 
DONE 075 1 install util-linux:target 42.8231 9.8854 436 12.0777 1663462913.9556 1663462926.0333 
DONE 076 1 install entropy:target 0.2182 0.0365 106 0.2393 1663462926.0952 1663462926.3345 
DONE 077 1 install wait-time-sync:target 0.2168 0.0422 105 0.2474 1663462926.3353 1663462926.5826 
DONE 078 1 build MarkupSafe:host 0.4151 0.0421 103 0.4427 1663462926.5852 1663462927.0279 
DONE 079 1 build Jinja2:host 0.4145 0.0521 103 0.4550 1663462927.0333 1663462927.4882 
DONE 080 1 install systemd:target 207.5671 35.3028 957 25.3859 1663462927.4953 1663462952.8812 
DONE 081 1 install pciutils:target 3.3053 0.6965 550 0.7271 1663462953.1256 1663462953.8527 
DONE 082 1 build glibc:init 0.1496 0.0457 105 0.1867 1663462953.8700 1663462954.0568 
DONE 083 1 build libc:init 0.0953 0.0210 107 0.1084 1663462954.0573 1663462954.1657 
DONE 084 1 install libtirpc:target 9.4070 2.7801 404 3.0157 1663462954.1662 1663462957.1818 
DONE 085 1 build busybox:init 17.9796 5.4751 97 24.1982 1663462957.2827 1663462981.4809 
DONE 086 1 build gcc:init 0.1395 0.0305 106 0.1610 1663462981.7353 1663462981.8963 
DONE 087 1 install libpng:target 12.9584 1.3292 351 4.0667 1663462981.8969 1663462985.9636 
DONE 088 1 build plymouth-lite:init 0.3627 0.0411 104 0.3877 1663462986.0217 1663462986.4093 
DONE 089 1 build util-linux:init 13.1068 2.8474 227 7.0351 1663462986.4126 1663462993.4477 
DONE 090 1 build e2fsprogs:init 21.2967 4.7836 102 25.4649 1663462993.4892 1663463018.9540 
DONE 091 1 build dosfstools:init 3.4221 1.0524 236 1.8927 1663463019.0823 1663463020.9750 
DONE 092 1 build terminus-font:init 0.3015 0.0368 113 0.3000 1663463021.0053 1663463021.3053 
DONE 093 1 build parted:host 24.3484 5.8806 154 19.6757 1663463021.3064 1663463040.9821 
DONE 094 1 install parted:target 26.0658 6.3402 238 13.6233 1663463041.0411 1663463054.6644 
DONE 095 1 build parted:init 0.1469 0.0233 107 0.1598 1663463054.7467 1663463054.9066 
DONE 096 1 build initramfs:init 0.1523 0.0240 102 0.1730 1663463054.9071 1663463055.0801 
DONE 097 1 install linux:target 6616.4326 668.0113 1430 509.5030 1663463055.0807 1663463564.5836 
DONE 098 1 install RTL8192DU:target 43.8882 4.4838 1025 4.7212 1663463565.2061 1663463569.9273 
DONE 099 1 install RTL8812AU:target 230.5662 23.4400 1301 19.5190 1663463570.0609 1663463589.5799 
DONE 100 1 install bcm_sta:target 2.8701 0.4015 152 2.1581 1663463590.1240 1663463592.2821 
DONE 101 1 install linux-drivers:target 0.1310 0.0177 106 0.1399 1663463592.3042 1663463592.4441 
DONE 102 1 install misc-firmware:target 0.2074 0.0343 106 0.2289 1663463592.4446 1663463592.6735 
DONE 103 1 install wlan-firmware:target 0.2289 0.0550 106 0.2671 1663463592.6741 1663463592.9412 
DONE 104 1 install dvb-firmware:target 0.2350 0.0625 105 0.2823 1663463592.9420 1663463593.2243 
DONE 105 1 install iwlwifi-firmware:target 0.4137 0.1218 65 0.8267 1663463593.2247 1663463594.0515 
DONE 106 1 install linux-firmware:target 0.1894 0.0400 11 2.1717 1663463594.0531 1663463596.2248 
DONE 107 1 install e2fsprogs:target 5.2140 1.6433 94 7.2643 1663463596.2254 1663463603.4897 
DONE 108 1 build syslinux:host 1.4047 0.5704 213 0.9283 1663463603.6706 1663463604.5989 
DONE 109 1 install syslinux:target 2.6076 0.7275 183 1.8202 1663463604.6514 1663463606.4716 
DONE 110 1 install hdparm:target 1.6022 0.1884 220 0.8156 1663463606.5221 1663463607.3376 
DONE 111 1 install dosfstools:target 1.6679 0.6638 133 1.7532 1663463607.3466 1663463609.0998 
DONE 112 1 install bzip2:target 1.9647 0.1963 205 1.0564 1663463609.1445 1663463610.2009 
DONE 113 1 install zip:target 6.1405 0.8423 368 1.8993 1663463610.2033 1663463612.1026 
DONE 114 1 install libusb:target 4.9600 1.0779 187 3.2246 1663463612.1289 1663463615.3535 
DONE 115 1 install usbutils:target 4.1443 0.7578 67 7.3246 1663463615.3738 1663463622.6984 
DONE 116 1 install procps-ng:target 12.8048 1.8774 130 11.3051 1663463622.7168 1663463634.0219 
DONE 117 1 install popt:target 3.1627 0.6656 141 2.7235 1663463634.0464 1663463636.7699 
DONE 118 1 install crossguid:target 0.6622 0.1394 50 1.6102 1663463636.8044 1663463638.4146 
DONE 119 1 install gptfdisk:target 7.6819 1.0388 572 1.5250 1663463638.4193 1663463639.9443 
DONE 120 1 install nano:target 16.0586 4.0091 198 10.1314 1663463639.9489 1663463650.0803 
DONE 121 1 install rpcbind:target 2.0824 0.7022 153 1.8147 1663463650.2337 1663463652.0484 
DONE 122 1 install busybox:target 26.3968 8.1618 98 35.2496 1663463652.0728 1663463687.3224 
DONE 123 1 install util-macros:target 0.3909 0.0921 34 1.4139 1663463687.7168 1663463689.1308 
DONE 124 1 install liberation-fonts-ttf:target 0.2404 0.0524 106 0.2759 1663463689.1372 1663463689.4132 
DONE 125 1 install corefonts:target 0.1212 0.0228 104 0.1387 1663463689.4138 1663463689.5525 
DONE 126 1 install pcre2:target 27.0677 1.9717 537 5.4051 1663463689.5528 1663463694.9579 
DONE 127 1 install libffi:target 3.9850 1.0267 133 3.7630 1663463695.0184 1663463698.7813 
DONE 128 1 install glib:target 128.1201 20.2017 849 17.4614 1663463698.8235 1663463716.2849 
DONE 129 1 install readline:target 9.0016 1.8931 254 4.2829 1663463716.5152 1663463720.7981 
DONE 130 1 install expat:target 2.8893 0.3547 156 2.0830 1663463720.8663 1663463722.9493 
DONE 131 1 install dbus:target 29.6183 5.3624 306 11.4386 1663463722.9564 1663463734.3950 
DONE 132 1 install libmnl:target 1.9214 0.4754 103 2.3202 1663463734.4687 1663463736.7890 
DONE 133 1 install libnftnl:target 10.0008 2.2250 390 3.1310 1663463736.8227 1663463739.9537 
DONE 134 1 install iptables:target 24.0748 5.6924 301 9.8753 1663463739.9852 1663463749.8605 
DONE 135 1 install iwd:target 42.1759 5.5460 439 10.8825 1663463749.9796 1663463760.8621 
DONE 136 1 install connman:target 38.6890 6.3278 432 10.4112 1663463760.8801 1663463771.2913 
DONE 137 1 install netbase:target 0.1882 0.0348 106 0.2096 1663463771.5064 1663463771.7160 
DONE 138 1 install ethtool:target 9.6628 2.2029 424 2.8008 1663463771.7166 1663463774.5174 
DONE 139 1 install openssh:target 77.9419 18.1096 315 30.5161 1663463774.5698 1663463805.0859 
DONE 140 1 install libnl:target 31.6683 7.2690 704 5.5300 1663463805.5600 1663463811.0901 
DONE 141 1 install iw:target 5.0846 1.2387 622 1.0159 1663463811.2766 1663463812.2925 
DONE 142 1 install libevent:target 32.6584 7.2496 324 12.3363 1663463812.2942 1663463824.6305 
DONE 143 1 install lldpd:target 14.6337 3.1457 203 8.7549 1663463824.6667 1663463833.4216 
DONE 144 1 install bluez:target 94.0164 13.1791 513 20.9146 1663463833.4637 1663463854.3783 
DONE 145 1 install attr:target 3.3800 0.8860 213 2.0055 1663463854.8535 1663463856.8590 
DONE 146 1 build asn1c:host 7.4118 1.6196 210 4.2974 1663463856.8730 1663463861.1704 
DONE 147 1 build heimdal:host 152.5227 29.7545 102 178.4562 1663463861.2151 1663464039.6713 
DONE 148 1 install sqlite:target 56.2754 0.8722 101 56.6084 1663464039.8561 1663464096.4645 
DONE 149 1 install xz:target 17.9564 4.9908 310 7.4089 1663464096.4899 1663464103.8988 
DONE 150 1 install Python3:target 153.7136 17.0814 563 30.3353 1663464104.2565 1663464134.5917 
DONE 151 1 install libaio:target 1.0109 0.5219 421 0.3642 1663464135.2305 1663464135.5947 
DONE 152 1 install gmp:target 53.5823 11.6142 441 14.7876 1663464135.6027 1663464150.3903 
DONE 153 1 install nettle:target 38.0740 7.1241 516 8.7603 1663464151.0293 1663464159.7896 
DONE 154 1 install gnutls:target 163.6622 21.9574 446 41.6140 1663464160.0071 1663464201.6210 
DONE 155 1 install wsdd2:target 0.5523 0.1244 161 0.4202 1663464201.7818 1663464202.2020 
DONE 156 1 install libdaemon:target 3.0998 0.9732 90 4.5058 1663464202.2052 1663464206.7110 
DONE 157 1 install gettext:target 176.2166 31.7871 212 98.0373 1663464206.7375 1663464304.7748 
DONE 158 1 install avahi:target 19.9499 4.1227 208 11.5695 1663464306.5583 1663464318.1278 
DONE 159 1 install samba:target 704.6779 173.8904 819 107.2800 1663464318.2732 1663464425.5532 
DONE 160 1 install lzo:target 10.3384 2.5029 278 4.6246 1663464426.0528 1663464430.6774 
DONE 161 1 install openvpn:target 31.4260 7.3797 301 12.8762 1663464430.7004 1663464443.5766 
DONE 162 1 install wireguard-tools:target 2.1455 0.3639 214 1.1736 1663464443.7563 1663464444.9299 
DONE 163 1 build nspr:host 6.8073 1.3547 106 7.7335 1663464444.9309 1663464452.6644 
DONE 164 1 build nss:host 63.3096 7.9293 102 70.1756 1663464452.7491 1663464522.9247 
DONE 165 1 install nspr:target 6.5306 1.3833 102 7.7214 1663464524.0584 1663464531.7798 
DONE 166 1 install nss:target 63.0632 8.9502 101 71.4004 1663464531.8759 1663464603.2763 
DONE 167 1 install network:target 0.1346 0.0123 108 0.1366 1663464604.0834 1663464604.2200 
DONE 168 1 install freetype:target 20.3060 1.9142 474 4.6892 1663464604.2203 1663464608.9095 
DONE 169 1 install libxml2:target 61.5351 4.0284 607 10.8074 1663464609.0633 1663464619.8707 
DONE 170 1 install fontconfig:target 18.1873 3.5392 285 7.6165 1663464620.0577 1663464627.6741 
DONE 171 1 install pixman:target 27.2730 3.0989 423 7.1881 1663464627.7511 1663464634.9392 
DONE 172 1 install libpciaccess:target 3.6534 0.8954 156 2.9096 1663464634.9964 1663464637.9060 
DONE 173 1 install libdrm:target 9.4886 1.4752 398 2.7578 1663464637.9321 1663464640.6899 
DONE 174 1 install zstd:target 58.2673 3.6857 806 7.6887 1663464640.7228 1663464648.4115 
DONE 175 1 build Mako:host 0.3747 0.0521 104 0.4110 1663464648.4502 1663464648.8612 
DONE 176 1 build llvm:host 16657.2018 958.6178 1539 1144.7655 1663464648.8694 1663465793.6348 
DONE 177 1 install llvm:target 8309.7456 484.3693 1526 576.3917 1663465794.2458 1663466370.6375 
DONE 178 1 install libva:target 2.4228 0.3179 129 2.1231 1663466372.0190 1663466374.1421 
DONE 179 1 install mesa:target 1379.5672 137.4077 1458 104.0164 1663466374.1586 1663466478.1750 
DONE 180 1 install cairo:target 130.9257 24.1421 615 25.2220 1663466478.3947 1663466503.6168 
DONE 181 1 install xorg-intel-gpu-tools:target 203.2424 28.6766 1186 19.5565 1663466506.8858 1663466526.4423 
DONE 182 1 install misc-packages:target 0.1201 0.0290 105 0.1419 1663466526.6342 1663466526.7761 
DONE 183 1 install gdb:target 810.8798 100.9666 1174 77.6408 1663466526.7767 1663466604.4176 
DONE 184 1 install edid-decode:target 1.9831 0.1805 101 2.1487 1663466604.7736 1663466606.9223 
DONE 185 1 install memtester:target 0.3752 0.0631 123 0.3564 1663466606.9232 1663466607.2795 
DONE 186 1 install strace:target 54.9504 17.1465 201 35.8300 1663466607.2815 1663466643.1114 
DONE 187 1 install libva-utils:target 11.0212 1.3273 504 2.4508 1663466643.5046 1663466645.9554 
DONE 188 1 install vadumpcaps:target 0.2865 0.0549 101 0.3389 1663466645.9678 1663466646.3067 
DONE 189 1 install debug:target 0.2197 0.0451 120 0.2205 1663466646.3091 1663466646.5296 
DONE 190 1 install exfatprogs:target 5.6279 0.7297 86 7.3694 1663466646.5300 1663466653.8994 
DONE 191 1 build JsonSchemaBuilder:host 2.8006 0.5325 105 3.1800 1663466653.9278 1663466657.1078 
DONE 192 1 build libpng:host 10.8939 1.3298 359 3.4002 1663466657.1127 1663466660.5129 
DONE 193 1 build nasm:host 16.8660 3.5216 327 6.2264 1663466660.5678 1663466666.7942 
DONE 194 1 build libjpeg-turbo:host 22.8519 2.8424 831 3.0919 1663466666.9267 1663466670.0186 
DONE 195 1 build giflib:host 0.6867 0.0923 226 0.3449 1663466670.0334 1663466670.3784 
DONE 196 1 build TexturePacker:host 3.0951 0.4702 293 1.2157 1663466670.3814 1663466671.5971 
DONE 197 1 build pcre:host 19.9492 2.4276 313 7.1541 1663466671.5999 1663466678.7540 
DONE 198 1 install pcre:target 25.2158 2.7192 425 6.5661 1663466678.7936 1663466685.3597 
DONE 199 1 build swig:host 36.7267 3.8603 408 9.9370 1663466685.4262 1663466695.3632 
DONE 200 1 install fribidi:target 5.2560 0.9092 281 2.1963 1663466695.5314 1663466697.7277 
DONE 201 1 install harfbuzz:target 141.4514 9.2271 611 24.6710 1663466697.7441 1663466722.4150 
DONE 202 1 install libass:target 9.6712 1.3033 366 2.9994 1663466722.4463 1663466725.4457 
DONE 203 1 install rtmpdump:target 2.3499 0.3654 268 1.0122 1663466725.5542 1663466726.5664 
DONE 204 1 install nghttp2:target 5.3777 1.4604 161 4.2486 1663466726.6103 1663466730.8589 
DONE 205 1 install curl:target 45.3925 10.1178 294 18.8496 1663466730.8753 1663466749.7248 
DONE 206 1 install tinyxml:target 5.7654 0.8041 100 6.5727 1663466749.8945 1663466756.4672 
DONE 207 1 install libjpeg-turbo:target 28.6437 3.4066 931 3.4419 1663466756.5132 1663466759.9551 
DONE 208 1 install libcdio:target 15.7892 3.3502 259 7.4006 1663466759.9763 1663466767.3768 
DONE 209 1 install taglib:target 41.0443 7.0051 1109 4.3325 1663466767.4457 1663466771.7782 
DONE 210 1 install libxslt:target 10.2744 1.6587 235 5.0826 1663466771.8210 1663466776.9036 
DONE 211 1 install rapidjson:target 0.2958 0.0897 105 0.3678 1663466777.0017 1663466777.3696 
DONE 212 1 install speex:target 10.1550 1.7686 130 9.1695 1663466777.3906 1663466786.5601 
DONE 213 1 install dav1d:target 108.2589 2.4617 1015 10.9128 1663466786.6328 1663466797.5456 
DONE 214 1 install ffmpeg:target 755.1448 63.4288 1311 62.4473 1663466797.5595 1663466860.0068 
DONE 215 1 install libdvdcss:target 0.2093 0.0221 106 0.2179 1663466860.1918 1663466860.4098 
DONE 216 1 install libdvdread:target 0.2172 0.0254 106 0.2284 1663466860.4106 1663466860.6390 
DONE 217 1 install libdvdnav:target 0.1767 0.0409 108 0.2018 1663466860.6397 1663466860.8415 
DONE 218 1 install libfmt:target 2.5435 0.1925 116 2.3633 1663466860.8421 1663466863.2054 
DONE 219 1 install libconfuse:target 8.0157 0.9954 130 6.9053 1663466863.2127 1663466870.1180 
DONE 220 1 install libftdi1:target 1.5447 0.1722 195 0.8795 1663466870.1665 1663466871.0460 
DONE 221 1 install libusb-compat:target 1.6847 0.4159 97 2.1740 1663466871.0493 1663466873.2233 
DONE 222 1 install alsa-lib:target 31.5157 5.1340 281 13.0513 1663466873.2428 1663466886.2941 
DONE 223 1 install lirc:target 40.8412 8.2982 227 21.6348 1663466886.4559 1663466908.0907 
DONE 224 1 install libfstrcmp:target 2.5137 0.7868 77 4.2752 1663466908.6621 1663466912.9373 
DONE 225 1 build flatbuffers:host 106.1738 5.2593 1095 10.1745 1663466912.9570 1663466923.1315 
DONE 226 1 install flatbuffers:target 0.3514 0.0736 104 0.4105 1663466923.1388 1663466923.5492 
DONE 227 1 install libudfread:target 5.8648 0.7726 96 6.9183 1663466923.5611 1663466930.4794 
DONE 228 1 install spdlog:target 9.8793 0.7566 201 5.2868 1663466930.4991 1663466935.7859 
DONE 229 1 install libogg:target 1.5852 0.3906 140 1.4112 1663466935.8116 1663466937.2227 
DONE 230 1 install flac:target 23.6077 3.4388 195 13.8642 1663466937.2305 1663466951.0947 
DONE 231 1 install libvorbis:target 11.4741 1.3095 166 7.6963 1663466951.1987 1663466958.8950 
DONE 232 1 install opus:target 33.9752 5.0662 756 5.1610 1663466958.9791 1663466964.1401 
DONE 233 1 install libsndfile:target 41.9310 5.0935 907 5.1840 1663466964.2054 1663466969.3894 
DONE 234 1 install libtool:target 4.1081 1.0260 133 3.8642 1663466969.4089 1663466973.2731 
DONE 235 1 install soxr:target 7.3471 0.6667 477 1.6814 1663466973.3222 1663466975.0036 
DONE 236 1 install speexdsp:target 8.5009 1.3010 112 8.7611 1663466975.0181 1663466983.7793 
DONE 237 1 build pcre2:host 40.3614 2.5978 717 5.9943 1663466983.8345 1663466989.8288 
DONE 238 1 build glib:host 100.5568 16.7836 883 13.2845 1663466989.8596 1663467003.1441 
DONE 239 1 install sbc:target 2.5917 0.4854 125 2.4571 1663467003.2634 1663467005.7205 
DONE 240 1 install pulseaudio:target 64.2170 12.3390 863 8.8755 1663467005.7327 1663467014.6082 
DONE 241 1 install p8-platform:target 1.1163 0.1913 102 1.2822 1663467014.7664 1663467016.0486 
DONE 242 1 install libcec:target 24.8561 3.1664 1001 2.7998 1663467016.0598 1663467018.8596 
DONE 243 1 install nss-mdns:target 7.4248 1.4335 132 6.7003 1663467018.8745 1663467025.5748 
DONE 244 1 install mariadb-connector-c:target 25.0486 4.9104 563 5.3245 1663467025.5962 1663467030.9207 
DONE 245 1 install libplist:target 11.4793 1.7017 126 10.4670 1663467030.9734 1663467041.4404 
DONE 246 1 install libshairplay:target 9.9183 1.5500 141 8.1567 1663467041.4982 1663467049.6549 
DONE 247 1 install libnfs:target 10.9756 1.5188 131 9.5091 1663467049.7504 1663467059.2595 
DONE 248 1 install libmicrohttpd:target 9.2926 2.5724 168 7.0470 1663467059.4182 1663467066.4652 
DONE 249 1 install libevdev:target 1.7217 0.3157 151 1.3497 1663467066.5848 1663467067.9345 
DONE 250 1 install mtdev:target 2.1503 0.5651 123 2.2147 1663467067.9437 1663467070.1584 
DONE 251 1 install libinput:target 14.8369 2.8502 559 3.1666 1663467070.1807 1663467073.3473 
DONE 252 1 install xkeyboard-config:target 2.5652 0.3419 249 1.1690 1663467073.4091 1663467074.5781 
DONE 253 1 install libxkbcommon:target 20.1782 3.7465 794 3.0129 1663467074.7195 1663467077.7324 
DONE 254 1 install kodi:target 7273.9318 749.4726 1454 551.7090 1663467077.8464 1663467629.5553 
DONE 255 1 install kodi-theme-Estuary:target 0.3791 0.0929 110 0.4284 1663467630.5560 1663467630.9844 
DONE 256 1 build distutilscross:host 0.2863 0.0533 102 0.3323 1663467630.9849 1663467631.3172 
DONE 257 1 install tiff:target 11.0260 1.5088 413 3.0319 1663467631.3197 1663467634.3516 
DONE 258 1 install Pillow:target 12.1995 1.9328 110 12.7967 1663467634.3633 1663467647.1600 
DONE 259 1 install simplejson:target 0.9937 0.0807 102 1.0555 1663467647.2958 1663467648.3513 
DONE 260 1 install pycryptodome:target 7.8234 1.1547 102 8.8084 1663467648.3757 1663467657.1841 
DONE 261 1 install dbussy:target 0.4329 0.0303 101 0.4595 1663467657.3485 1663467657.8080 
DONE 262 1 install bkeymaps:target 0.2147 0.0608 106 0.2601 1663467657.8109 1663467658.0710 
DONE 263 1 install LibreELEC-settings:target 0.3041 0.1194 107 0.3973 1663467658.0716 1663467658.4688 
DONE 264 1 install xmlstarlet:target 2.8900 0.7248 95 3.8073 1663467658.4758 1663467662.2831 
DONE 265 1 build kodi:host 0.9965 0.3901 103 1.3453 1663467662.3021 1663467663.6474 
DONE 266 1 install kodi-platform:target 0.7446 0.1752 102 0.8997 1663467663.6762 1663467664.5759 
DONE 267 1 install peripheral.joystick:target 66.9442 6.0598 625 11.6879 1663467664.5827 1663467676.2706 
DONE 268 1 install intel-vaapi-driver:target 30.8046 3.2472 788 4.3202 1663467676.3885 1663467680.7087 
DONE 269 1 install gmmlib:target 29.5946 2.3041 623 5.1204 1663467680.7287 1663467685.8491 
DONE 270 1 install media-driver:target 3124.3828 726.7723 1530 251.7430 1663467685.8780 1663467937.6210 
DONE 271 1 install mediacenter:target 0.2438 0.0265 120 0.2256 1663467937.7474 1663467937.9729 
DONE 272 1 install alsa-utils:target 13.3162 3.2343 210 7.8897 1663467937.9735 1663467945.8632 
DONE 273 1 install alsa:target 0.1369 0.0218 107 0.1488 1663467946.0192 1663467946.1680 
DONE 274 1 install udevil:target 2.4959 0.5584 115 2.6605 1663467946.1685 1663467948.8290 
DONE 275 1 install diskdev_cmds:target 2.5677 0.7747 548 0.6100 1663467948.8682 1663467949.4782 
DONE 276 1 install eventlircd:target 2.9614 0.7258 84 4.3996 1663467949.5421 1663467953.9417 
DONE 277 1 install libirman:target 5.8232 0.7949 89 7.4574 1663467953.9712 1663467961.4286 
DONE 278 1 install libbpf:target 6.2875 0.7329 324 2.1700 1663467961.4677 1663467963.6377 
DONE 279 1 install v4l-utils:target 54.0297 7.1553 329 18.5809 1663467963.6395 1663467982.2204 
DONE 280 1 install evrepeat:target 0.2245 0.0428 106 0.2511 1663467982.2579 1663467982.5090 
DONE 281 1 install remote:target 0.1210 0.0313 104 0.1458 1663467982.5119 1663467982.6577 
DONE 282 1 build pixman:host 25.6319 3.4383 447 6.5064 1663467982.6582 1663467989.1645 
DONE 283 1 build qemu:host 172.1973 39.4137 865 24.4764 1663467989.1963 1663468013.6727 
DONE 284 1 install fuse3:target 4.6016 0.8488 209 2.6112 1663468013.7468 1663468016.3579 
DONE 285 1 install libcheck:target 7.7667 2.1617 258 3.8470 1663468016.3676 1663468020.2145 
DONE 286 1 install libdnet:target 10.4020 2.4306 149 8.6165 1663468020.2415 1663468028.8580 
DONE 287 1 install open-vm-tools:target 53.0043 10.1503 179 35.2709 1663468028.9768 1663468064.2477 
DONE 288 1 install virtual:target 0.2257 0.0360 120 0.2176 1663468065.4839 1663468065.7015 
DONE 289 1 install slang:target 24.8641 3.0892 102 27.3436 1663468065.7019 1663468093.0455 
DONE 290 1 install newt:target 6.7739 1.4380 210 3.9104 1663468093.1549 1663468097.0653 
DONE 291 1 install flex:target 13.3954 2.4282 309 5.1265 1663468097.0877 1663468102.2142 
DONE 292 1 build freetype:host 16.2961 1.5933 530 3.3780 1663468102.2722 1663468105.6502 
DONE 293 1 build grub:host 112.6029 24.0547 321 42.5716 1663468105.7858 1663468148.3574 
DONE 294 1 install grub:target 124.3971 25.1408 366 40.8605 1663468151.1499 1663468192.0104 
DONE 295 1 install installer:target 0.1755 0.0256 107 0.1884 1663468194.8800 1663468195.0684 
DONE 296 1 install image:target 0.1397 0.0252 104 0.1579 1663468195.0688 1663468195.2268 
