DONE 001 1 build make:host 8.0043 1.6278 159 6.0607 1663416771.0517 1663416777.1124 
DONE 002 1 build gettext:host 147.0663 24.4583 184 93.3541 1663416777.1798 1663416870.5339 
DONE 003 1 build configtools:host 0.1437 0.0328 105 0.1675 1663416872.2592 1663416872.4268 
DONE 004 1 install kernel-firmware:target 12.4634 2.4728 104 14.3826 1663416872.4273 1663416886.8099 
DONE 005 1 install wireless-regdb:target 0.1993 0.0534 106 0.2383 1663416886.9914 1663416887.2296 
DONE 006 1 install texturecache.py:target 0.2218 0.0275 106 0.2358 1663416887.2305 1663416887.4663 
DONE 007 1 install alsa-topology-conf:target 0.2131 0.0217 107 0.2194 1663416887.4672 1663416887.6866 
DONE 008 1 install alsa-ucm-conf:target 0.2527 0.0712 106 0.3049 1663416887.6873 1663416887.9922 
DONE 009 1 install ir-bpf-decoders:target 0.2140 0.0339 106 0.2334 1663416887.9927 1663416888.2261 
DONE 010 1 build pkg-config:host 27.6881 4.2055 298 10.7131 1663416888.2266 1663416898.9397 
DONE 011 1 build cmake:host 1352.2309 93.7523 1234 117.1505 1663416899.1326 1663417016.2831 
DONE 012 1 build zstd:host 35.8341 2.2352 744 5.1190 1663417017.0235 1663417022.1425 
DONE 013 1 build ccache:host 4.6860 0.8051 286 1.9225 1663417022.1611 1663417024.0836 
DONE 014 1 build m4:host 21.5285 5.9848 145 19.0168 1663417024.0892 1663417043.1060 
DONE 015 1 build autoconf:host 1.2206 0.2182 85 1.6913 1663417043.1611 1663417044.8525 
DONE 016 1 build autoconf-archive:host 0.4953 0.1373 41 1.5347 1663417044.8966 1663417046.4314 
DONE 017 1 build automake:host 1.4214 0.3539 85 2.0997 1663417046.4986 1663417048.5983 
DONE 018 1 build bison:host 20.0358 4.5612 101 24.4606 1663417048.6466 1663417073.1072 
DONE 019 1 build intltool:host 0.4206 0.1036 37 1.4271 1663417073.1804 1663417074.6075 
DONE 020 1 build libtool:host 6.9280 1.6798 128 6.7213 1663417074.6176 1663417081.3389 
DONE 021 1 build autotools:host 0.1032 0.0114 107 0.1074 1663417081.3833 1663417081.4907 
DONE 022 1 build flex:host 16.1458 2.2779 176 10.4942 1663417081.4912 1663417091.9854 
DONE 023 1 build zlib:host 4.5524 0.7940 493 1.0841 1663417092.0574 1663417093.1416 
DONE 024 1 build bzip2:host 1.8744 0.2208 185 1.1318 1663417093.1518 1663417094.2836 
DONE 025 1 build libffi:host 6.8471 1.0183 103 7.6339 1663417094.2919 1663417101.9259 
DONE 026 1 build util-linux:host 85.2242 14.1093 432 23.0044 1663417101.9693 1663417124.9738 
DONE 027 1 build xz:host 14.0572 3.4859 319 5.4970 1663417125.0465 1663417130.5434 
DONE 028 1 build Python3:host 125.3420 12.7526 498 27.7054 1663417130.8440 1663417158.5494 
DONE 029 1 build ninja:host 40.6564 3.7416 748 5.9366 1663417159.0342 1663417164.9708 
DONE 030 1 build setuptools:host 1.3213 0.1196 101 1.4272 1663417164.9861 1663417166.4133 
DONE 031 1 build pathlib:host 0.2025 0.0294 105 0.2207 1663417166.4497 1663417166.6704 
DONE 032 1 build meson:host 1.5452 0.2546 103 1.7545 1663417166.6713 1663417168.4259 
DONE 033 1 build p7zip:host 41.8585 6.2441 1303 3.6919 1663417168.4744 1663417172.1663 
DONE 034 1 build pigz:host 1.9691 0.2390 220 1.0042 1663417172.2494 1663417173.2536 
DONE 035 1 build sed:host 11.8548 3.3319 120 12.6227 1663417173.2576 1663417185.8803 
DONE 036 1 build libxml2:host 58.8519 3.7855 349 17.9334 1663417185.9052 1663417203.8385 
DONE 037 1 build libxslt:host 12.3725 1.5528 151 9.2468 1663417204.0454 1663417213.2921 
DONE 038 1 build xmlstarlet:host 4.0538 1.0529 118 4.3145 1663417213.3544 1663417217.6689 
DONE 039 1 build toolchain:host 0.0998 0.0124 109 0.1032 1663417217.6852 1663417217.7884 
DONE 040 1 build rsync:host 15.1858 3.0414 269 6.7873 1663417217.7887 1663417224.5760 
DONE 041 1 build linux:host 10.3869 2.5480 217 5.9518 1663417224.6183 1663417230.5701 
DONE 042 1 build binutils:host 658.5118 53.2890 969 73.4699 1663417230.6077 1663417304.0776 
DONE 043 1 build gmp:host 52.8342 10.6192 436 14.5689 1663417304.7099 1663417319.2788 
DONE 044 1 build mpfr:host 36.4238 6.3820 615 6.9580 1663417319.9825 1663417326.9405 
DONE 045 1 build mpc:host 9.0101 1.7211 364 2.9446 1663417327.6768 1663417330.6214 
DONE 046 1 install gcc:bootstrap 1311.2000 101.6287 994 142.1828 1663417330.7390 1663417472.9219 
DONE 047 1 install glibc:target 617.1827 112.6880 736 99.1012 1663417474.7829 1663417573.8841 
DONE 048 1 build gcc:host 476.7890 59.5211 575 93.3063 1663417594.7074 1663417688.0138 
DONE 049 1 install toolchain:target 0.1229 0.0259 107 0.1396 1663417692.3897 1663417692.5293 
DONE 050 1 build lzo:host 9.2211 2.1463 250 4.5521 1663417692.5299 1663417697.0821 
DONE 051 1 build squashfs-tools:host 3.5050 0.3551 316 1.2207 1663417697.0960 1663417698.3167 
DONE 052 1 build dosfstools:host 3.4199 0.7019 231 1.7879 1663417698.3271 1663417700.1149 
DONE 053 1 build libcap:host 0.6408 0.1632 197 0.4082 1663417700.1485 1663417700.5567 
DONE 054 1 build fakeroot:host 5.1378 1.0434 99 6.2623 1663417700.5618 1663417706.8240 
DONE 055 1 build kmod:host 6.2837 1.2776 202 3.7360 1663417706.8597 1663417710.5956 
DONE 056 1 build mtools:host 12.2050 2.9523 248 6.1020 1663417710.6163 1663417716.7183 
DONE 057 1 build e2fsprogs:host 16.7639 3.3762 105 19.2315 1663417716.7705 1663417736.0020 
DONE 058 1 build populatefs:host 0.6191 0.1024 226 0.3191 1663417736.1266 1663417736.4457 
DONE 059 1 install tz:target 0.7827 0.1283 201 0.4539 1663417736.4495 1663417736.9034 
DONE 060 1 install libidn2:target 13.1803 2.8840 212 7.5609 1663417736.9098 1663417744.4708 
DONE 061 1 install libc:target 0.1302 0.0291 105 0.1513 1663417744.5380 1663417744.6893 
DONE 062 1 install gcc:target 0.1767 0.0372 107 0.1997 1663417744.6900 1663417744.8897 
DONE 063 1 install keyutils:target 1.3832 0.2502 244 0.6703 1663417744.8902 1663417745.5605 
DONE 064 1 install zlib:target 5.2691 0.9098 544 1.1349 1663417745.5752 1663417746.7101 
DONE 065 1 build ncurses:host 87.7672 19.8690 604 17.8324 1663417746.7236 1663417764.5560 
DONE 066 1 install ncurses:target 29.5759 8.7434 268 14.2967 1663417765.2514 1663417779.5480 
DONE 067 1 build openssl:host 364.5744 62.7048 1329 32.1608 1663417779.6113 1663417811.7721 
DONE 068 1 install binutils:target 56.7352 11.1148 388 17.4958 1663417814.2220 1663417831.7177 
DONE 069 1 build elfutils:host 68.7436 18.7532 600 14.5708 1663417831.9487 1663417846.5196 
DONE 070 1 install elfutils:target 94.3155 26.2010 738 16.3224 1663417846.5624 1663417862.8848 
DONE 071 1 install libunwind:target 20.6124 5.8099 262 10.0680 1663417862.9411 1663417873.0091 
DONE 072 1 install openssl:target 436.9015 75.4369 1343 38.1586 1663417873.2153 1663417911.3739 
DONE 073 1 install kmod:target 6.8924 1.5393 208 4.0514 1663417913.1758 1663417917.2271 
DONE 074 1 install libcap:target 0.7493 0.1280 210 0.4183 1663417917.2513 1663417917.6696 
DONE 075 1 install util-linux:target 41.7351 9.8485 431 11.9570 1663417917.6743 1663417929.6312 
DONE 076 1 install entropy:target 0.2350 0.0520 107 0.2694 1663417929.6948 1663417929.9642 
DONE 077 1 install wait-time-sync:target 0.2189 0.0623 104 0.2706 1663417929.9651 1663417930.2357 
DONE 078 1 build MarkupSafe:host 0.3764 0.0711 103 0.4350 1663417930.2381 1663417930.6731 
DONE 079 1 build Jinja2:host 0.4139 0.0559 103 0.4560 1663417930.6777 1663417931.1337 
DONE 080 1 install systemd:target 205.3668 33.4032 952 25.0748 1663417931.1402 1663417956.2150 
DONE 081 1 install pciutils:target 3.2300 0.6924 540 0.7261 1663417956.4690 1663417957.1951 
DONE 082 1 build glibc:init 0.1460 0.0496 103 0.1904 1663417957.2130 1663417957.4034 
DONE 083 1 build libc:init 0.1018 0.0087 106 0.1047 1663417957.4040 1663417957.5087 
DONE 084 1 install libtirpc:target 9.2164 2.6248 389 3.0405 1663417957.5089 1663417960.5495 
DONE 085 1 build busybox:init 17.9713 5.0146 97 23.6988 1663417960.6624 1663417984.3612 
DONE 086 1 build gcc:init 0.1376 0.0250 107 0.1524 1663417984.6294 1663417984.7818 
DONE 087 1 install libpng:target 12.7968 1.3706 347 4.0865 1663417984.7822 1663417988.8687 
DONE 088 1 build plymouth-lite:init 0.3351 0.0694 104 0.3889 1663417988.9348 1663417989.3237 
DONE 089 1 build util-linux:init 13.1547 2.6955 228 6.9608 1663417989.3269 1663417996.2876 
DONE 090 1 build e2fsprogs:init 21.0337 4.4276 102 24.8820 1663417996.3326 1663418021.2146 
DONE 091 1 build dosfstools:init 3.5160 0.8752 230 1.9059 1663418021.3498 1663418023.2557 
DONE 092 1 build terminus-font:init 0.2955 0.0539 114 0.3076 1663418023.2865 1663418023.5942 
DONE 093 1 build parted:host 24.1692 5.4173 153 19.3643 1663418023.5951 1663418042.9594 
DONE 094 1 install parted:target 25.7465 5.8654 237 13.3228 1663418043.0239 1663418056.3466 
DONE 095 1 build parted:init 0.1580 0.0230 106 0.1703 1663418056.4316 1663418056.6019 
DONE 096 1 build initramfs:init 0.1630 0.0225 102 0.1816 1663418056.6025 1663418056.7842 
DONE 097 1 install linux:target 6430.8508 628.9147 1438 490.8551 1663418056.7844 1663418547.6395 
DONE 098 1 install RTL8192DU:target 44.9160 4.3156 1054 4.6705 1663418548.2400 1663418552.9105 
DONE 099 1 install RTL8812AU:target 228.0854 22.1337 1391 17.9861 1663418553.0357 1663418571.0218 
DONE 100 1 install bcm_sta:target 2.8605 0.4051 152 2.1473 1663418571.5572 1663418573.7045 
DONE 101 1 install linux-drivers:target 0.1215 0.0210 106 0.1340 1663418573.7261 1663418573.8601 
DONE 102 1 install misc-firmware:target 0.1987 0.0604 104 0.2480 1663418573.8607 1663418574.1087 
DONE 103 1 install wlan-firmware:target 0.2097 0.0364 106 0.2315 1663418574.1096 1663418574.3411 
DONE 104 1 install dvb-firmware:target 0.2468 0.0558 108 0.2794 1663418574.3421 1663418574.6215 
DONE 105 1 install iwlwifi-firmware:target 0.3899 0.1151 110 0.4611 1663418574.6221 1663418575.0832 
DONE 106 1 install linux-firmware:target 0.1295 0.0199 104 0.1435 1663418575.0838 1663418575.2273 
DONE 107 1 install e2fsprogs:target 4.9776 1.5084 102 6.3455 1663418575.2279 1663418581.5734 
DONE 108 1 build syslinux:host 1.7505 0.5806 238 0.9783 1663418581.7426 1663418582.7209 
DONE 109 1 install syslinux:target 2.5052 0.6676 317 1.0014 1663418582.7681 1663418583.7695 
DONE 110 1 install hdparm:target 1.5959 0.2010 220 0.8149 1663418583.8190 1663418584.6339 
DONE 111 1 install dosfstools:target 1.7047 0.5822 127 1.7981 1663418584.6429 1663418586.4410 
DONE 112 1 install bzip2:target 1.9617 0.1672 198 1.0736 1663418586.4879 1663418587.5615 
DONE 113 1 install zip:target 6.0083 0.8037 425 1.6039 1663418587.5658 1663418589.1698 
DONE 114 1 install libusb:target 4.9989 1.0294 186 3.2386 1663418589.1936 1663418592.4323 
DONE 115 1 install usbutils:target 4.1325 0.7994 69 7.1568 1663418592.4511 1663418599.6079 
DONE 116 1 install procps-ng:target 12.4867 1.9311 130 11.0668 1663418599.6265 1663418610.6933 
DONE 117 1 install popt:target 3.0209 0.6703 143 2.5785 1663418610.7170 1663418613.2955 
DONE 118 1 install crossguid:target 0.6637 0.1162 102 0.7646 1663418613.3309 1663418614.0955 
DONE 119 1 install gptfdisk:target 7.4564 1.1046 594 1.4402 1663418614.1020 1663418615.5422 
DONE 120 1 install nano:target 16.0197 3.7720 206 9.5918 1663418615.5477 1663418625.1394 
DONE 121 1 install rpcbind:target 1.9732 0.6407 145 1.8021 1663418625.2861 1663418627.0882 
DONE 122 1 install busybox:target 26.4538 7.6445 98 34.8273 1663418627.1101 1663418661.9374 
DONE 123 1 install util-macros:target 0.4534 0.0976 38 1.4624 1663418662.3158 1663418663.7782 
DONE 124 1 install liberation-fonts-ttf:target 0.2305 0.0512 107 0.2624 1663418663.7845 1663418664.0469 
DONE 125 1 install corefonts:target 0.1210 0.0265 108 0.1369 1663418664.0475 1663418664.1845 
DONE 126 1 install pcre2:target 27.2141 1.7771 537 5.4011 1663418664.1849 1663418669.5859 
DONE 127 1 install libffi:target 3.9118 0.9999 133 3.6935 1663418669.6399 1663418673.3334 
DONE 128 1 install glib:target 124.3653 18.9814 849 16.8787 1663418673.3741 1663418690.2528 
DONE 129 1 install readline:target 8.8732 1.7660 254 4.1815 1663418690.4639 1663418694.6454 
DONE 130 1 install expat:target 2.8507 0.3868 157 2.0675 1663418694.7060 1663418696.7735 
DONE 131 1 install dbus:target 29.2204 5.1776 308 11.1611 1663418696.7814 1663418707.9425 
DONE 132 1 install libmnl:target 1.7927 0.4462 101 2.2264 1663418708.0123 1663418710.2387 
DONE 133 1 install libnftnl:target 9.8618 2.2255 365 3.3113 1663418710.2715 1663418713.5828 
DONE 134 1 install iptables:target 23.4439 4.7590 293 9.6341 1663418713.6119 1663418723.2460 
DONE 135 1 install iwd:target 42.7536 4.9419 460 10.3607 1663418723.3593 1663418733.7200 
DONE 136 1 install connman:target 37.9798 5.8453 419 10.4669 1663418733.7380 1663418744.2049 
DONE 137 1 install netbase:target 0.2157 0.0418 106 0.2425 1663418744.4064 1663418744.6489 
DONE 138 1 install ethtool:target 9.5267 2.0988 396 2.9363 1663418744.6498 1663418747.5861 
DONE 139 1 install openssh:target 76.4174 17.0826 308 30.3971 1663418747.6343 1663418778.0314 
DONE 140 1 install libnl:target 30.3590 6.5741 692 5.3399 1663418778.4628 1663418783.8027 
DONE 141 1 install iw:target 4.8562 1.1187 618 0.9668 1663418783.9805 1663418784.9473 
DONE 142 1 install libevent:target 31.8483 6.2833 337 11.2999 1663418784.9488 1663418796.2487 
DONE 143 1 install lldpd:target 14.8986 2.7470 198 8.8919 1663418796.2845 1663418805.1765 
DONE 144 1 install bluez:target 92.9601 12.7665 516 20.4904 1663418805.2156 1663418825.7060 
DONE 145 1 install attr:target 3.4695 0.7406 210 2.0032 1663418826.1307 1663418828.1339 
DONE 146 1 build asn1c:host 7.2438 1.4789 206 4.2404 1663418828.1479 1663418832.3884 
DONE 147 1 build heimdal:host 151.1685 27.8896 102 175.9014 1663418832.4288 1663419008.3302 
DONE 148 1 install sqlite:target 56.9468 0.8039 101 57.2523 1663419008.5026 1663419065.7549 
DONE 149 1 install xz:target 17.5313 4.6836 305 7.2798 1663419065.7812 1663419073.0610 
DONE 150 1 install Python3:target 153.0173 16.1654 554 30.5287 1663419073.3814 1663419103.9101 
DONE 151 1 install libaio:target 0.9915 0.4848 436 0.3384 1663419104.5292 1663419104.8675 
DONE 152 1 install gmp:target 53.4668 10.6691 434 14.7762 1663419104.8739 1663419119.6501 
DONE 153 1 install nettle:target 37.8059 6.4282 504 8.7729 1663419120.2597 1663419129.0326 
DONE 154 1 install gnutls:target 161.2924 20.9990 434 41.9929 1663419129.2442 1663419171.2371 
DONE 155 1 install wsdd2:target 0.5858 0.0869 159 0.4226 1663419171.3888 1663419171.8115 
DONE 156 1 install libdaemon:target 2.9287 0.9531 89 4.3427 1663419171.8155 1663419176.1583 
DONE 157 1 install gettext:target 176.6875 30.4109 213 97.0815 1663419176.1820 1663419273.2635 
DONE 158 1 install avahi:target 19.6086 4.1038 208 11.4087 1663419274.9470 1663419286.3557 
DONE 159 1 install samba:target 696.9828 165.0444 822 104.9049 1663419286.5019 1663419391.4068 
DONE 160 1 install lzo:target 10.3812 2.3944 280 4.5694 1663419391.8874 1663419396.4568 
DONE 161 1 install openvpn:target 30.8031 6.7723 292 12.8869 1663419396.4801 1663419409.3671 
DONE 162 1 install wireguard-tools:target 2.2233 0.3250 214 1.1909 1663419409.5391 1663419410.7300 
DONE 163 1 build nspr:host 6.7769 1.2529 106 7.5891 1663419410.7310 1663419418.3202 
DONE 164 1 build nss:host 62.8657 7.0365 102 68.7912 1663419418.4019 1663419487.1931 
DONE 165 1 install nspr:target 6.3346 1.4045 103 7.5062 1663419488.2230 1663419495.7292 
DONE 166 1 install nss:target 62.5808 7.9293 101 69.8794 1663419495.8171 1663419565.6965 
DONE 167 1 install network:target 0.1222 0.0208 108 0.1327 1663419566.4544 1663419566.5872 
DONE 168 1 install freetype:target 20.2401 1.7460 447 4.9227 1663419566.5877 1663419571.5104 
DONE 169 1 install libxml2:target 61.4098 3.6199 605 10.7520 1663419571.6538 1663419582.4058 
DONE 170 1 install fontconfig:target 18.1421 3.4652 286 7.5519 1663419582.5867 1663419590.1386 
DONE 171 1 install pixman:target 27.2403 2.9002 423 7.1241 1663419590.2129 1663419597.3370 
DONE 172 1 install libpciaccess:target 3.6985 0.8042 157 2.8744 1663419597.3911 1663419600.2656 
DONE 173 1 install libdrm:target 9.3351 1.4033 381 2.8184 1663419600.2916 1663419603.1100 
DONE 174 1 install zstd:target 58.5153 3.5579 810 7.6595 1663419603.1404 1663419610.7999 
DONE 175 1 build Mako:host 0.3817 0.0400 104 0.4070 1663419610.8346 1663419611.2415 
DONE 176 1 build llvm:host 16661.2970 893.1639 1538 1141.4335 1663419611.2494 1663420752.6829 
DONE 177 1 install llvm:target 8303.0297 449.7305 1524 574.5110 1663420753.2848 1663421327.7959 
DONE 178 1 install libva:target 2.4567 0.2611 130 2.0891 1663421329.1089 1663421331.1980 
DONE 179 1 install mesa:target 1361.2801 127.1195 1465 101.5886 1663421331.2147 1663421432.8034 
DONE 180 1 install cairo:target 128.4739 22.3644 607 24.8597 1663421433.0062 1663421457.8659 
DONE 181 1 install xorg-intel-gpu-tools:target 203.0676 26.8308 1187 19.3698 1663421460.9154 1663421480.2852 
DONE 182 1 install misc-packages:target 0.1308 0.0141 107 0.1355 1663421480.4846 1663421480.6201 
DONE 183 1 install gdb:target 803.1048 92.7601 1176 76.1568 1663421480.6206 1663421556.7775 
DONE 184 1 install edid-decode:target 1.9627 0.2020 100 2.1629 1663421557.1267 1663421559.2896 
DONE 185 1 install memtester:target 0.3772 0.0698 123 0.3626 1663421559.2907 1663421559.6533 
DONE 186 1 install strace:target 53.7653 15.6082 199 34.9289 1663421559.6548 1663421594.5837 
DONE 187 1 install libva-utils:target 11.1159 1.2070 527 2.3372 1663421594.9504 1663421597.2876 
DONE 188 1 install vadumpcaps:target 0.2929 0.0314 104 0.3117 1663421597.2999 1663421597.6116 
DONE 189 1 install debug:target 0.2341 0.0307 120 0.2208 1663421597.6141 1663421597.8349 
DONE 190 1 install exfatprogs:target 5.5080 0.6387 85 7.2166 1663421597.8353 1663421605.0519 
DONE 191 1 build JsonSchemaBuilder:host 2.7899 0.4793 108 3.0142 1663421605.0779 1663421608.0920 
DONE 192 1 build libpng:host 10.8480 1.1267 362 3.3095 1663421608.0971 1663421611.4065 
DONE 193 1 build nasm:host 16.3979 3.1494 327 5.9826 1663421611.4592 1663421617.4418 
DONE 194 1 build libjpeg-turbo:host 22.5583 2.5203 850 2.9489 1663421617.5723 1663421620.5213 
DONE 195 1 build giflib:host 0.6369 0.1052 219 0.3390 1663421620.5354 1663421620.8743 
DONE 196 1 build TexturePacker:host 3.0950 0.4741 317 1.1267 1663421620.8777 1663421622.0043 
DONE 197 1 build pcre:host 19.5829 2.2161 307 7.0935 1663421622.0070 1663421629.1005 
DONE 198 1 install pcre:target 25.1710 2.6289 432 6.4407 1663421629.1392 1663421635.5798 
DONE 199 1 build swig:host 36.1768 3.6166 407 9.7864 1663421635.6422 1663421645.4285 
DONE 200 1 install fribidi:target 5.1942 0.8315 283 2.1301 1663421645.5879 1663421647.7180 
DONE 201 1 install harfbuzz:target 141.5952 8.3564 617 24.3103 1663421647.7351 1663421672.0454 
DONE 202 1 install libass:target 9.6548 1.1168 353 3.0555 1663421672.0731 1663421675.1286 
DONE 203 1 install rtmpdump:target 2.3124 0.3549 267 0.9987 1663421675.2273 1663421676.2260 
DONE 204 1 install nghttp2:target 5.2922 1.3185 161 4.1178 1663421676.2666 1663421680.3843 
DONE 205 1 install curl:target 44.6789 9.1964 292 18.4241 1663421680.3994 1663421698.8236 
DONE 206 1 install tinyxml:target 5.6165 0.7102 100 6.3519 1663421698.9833 1663421705.3352 
DONE 207 1 install libjpeg-turbo:target 28.4188 3.2024 950 3.3294 1663421705.3800 1663421708.7094 
DONE 208 1 install libcdio:target 15.3305 3.1987 259 7.1668 1663421708.7307 1663421715.8975 
DONE 209 1 install taglib:target 40.0039 6.5086 1070 4.3453 1663421715.9625 1663421720.3078 
DONE 210 1 install libxslt:target 9.9394 1.5366 233 4.9265 1663421720.3478 1663421725.2743 
DONE 211 1 install rapidjson:target 0.2786 0.0976 105 0.3576 1663421725.3756 1663421725.7332 
DONE 212 1 install speex:target 10.0081 1.6437 130 8.9551 1663421725.7550 1663421734.7102 
DONE 213 1 install dav1d:target 108.2426 2.2343 1031 10.7179 1663421734.7763 1663421745.4942 
DONE 214 1 install ffmpeg:target 753.5137 57.9370 1315 61.7292 1663421745.5068 1663421807.2360 
DONE 215 1 install libdvdcss:target 0.1863 0.0338 107 0.2053 1663421807.4189 1663421807.6242 
DONE 216 1 install libdvdread:target 0.1816 0.0408 106 0.2095 1663421807.6250 1663421807.8344 
DONE 217 1 install libdvdnav:target 0.1997 0.0386 107 0.2220 1663421807.8352 1663421808.0572 
DONE 218 1 install libfmt:target 2.4928 0.1888 115 2.3242 1663421808.0578 1663421810.3820 
DONE 219 1 install libconfuse:target 7.7399 0.9329 127 6.8069 1663421810.3879 1663421817.1948 
DONE 220 1 install libftdi1:target 1.5305 0.1584 194 0.8699 1663421817.2419 1663421818.1117 
DONE 221 1 install libusb-compat:target 1.5831 0.3567 92 2.1169 1663421818.1162 1663421820.2331 
DONE 222 1 install alsa-lib:target 31.4131 4.3705 281 12.7198 1663421820.2547 1663421832.9745 
DONE 223 1 install lirc:target 40.2094 8.0620 227 21.2939 1663421833.1379 1663421854.4318 
DONE 224 1 install libfstrcmp:target 2.4982 0.7607 76 4.3099 1663421855.0652 1663421859.3751 
DONE 225 1 build flatbuffers:host 105.4669 4.6604 1067 10.3189 1663421859.3943 1663421869.7132 
DONE 226 1 install flatbuffers:target 0.3412 0.0731 103 0.4009 1663421869.7208 1663421870.1217 
DONE 227 1 install libudfread:target 5.7278 0.6738 95 6.7195 1663421870.1326 1663421876.8522 
DONE 228 1 install spdlog:target 9.7620 0.5729 213 4.8557 1663421876.8702 1663421881.7259 
DONE 229 1 install libogg:target 1.5097 0.3451 142 1.3073 1663421881.7524 1663421883.0597 
DONE 230 1 install flac:target 22.9245 3.0676 193 13.4553 1663421883.0651 1663421896.5203 
DONE 231 1 install libvorbis:target 11.4379 1.3321 163 7.8238 1663421896.6226 1663421904.4464 
DONE 232 1 install opus:target 33.3517 4.8395 746 5.1222 1663421904.5318 1663421909.6540 
DONE 233 1 install libsndfile:target 40.5100 4.7289 914 4.9506 1663421909.7200 1663421914.6706 
DONE 234 1 install libtool:target 4.0806 0.9784 133 3.8168 1663421914.6919 1663421918.5087 
DONE 235 1 install soxr:target 7.2658 0.6324 482 1.6390 1663421918.5597 1663421920.1987 
DONE 236 1 install speexdsp:target 8.2500 1.2584 112 8.4992 1663421920.2129 1663421928.7121 
DONE 237 1 build pcre2:host 40.2208 2.3088 720 5.9033 1663421928.7681 1663421934.6714 
DONE 238 1 build glib:host 97.3957 14.6914 908 12.3424 1663421934.7019 1663421947.0444 
DONE 239 1 install sbc:target 2.5508 0.4731 123 2.4642 1663421947.1704 1663421949.6347 
DONE 240 1 install pulseaudio:target 63.0763 11.2097 871 8.5284 1663421949.6469 1663421958.1753 
DONE 241 1 install p8-platform:target 1.1359 0.1561 102 1.2647 1663421958.3394 1663421959.6042 
DONE 242 1 install libcec:target 24.4041 2.9058 988 2.7638 1663421959.6174 1663421962.3812 
DONE 243 1 install nss-mdns:target 7.2337 1.3782 131 6.5990 1663421962.3941 1663421968.9932 
DONE 244 1 install mariadb-connector-c:target 24.6195 4.3595 569 5.0913 1663421969.0153 1663421974.1066 
DONE 245 1 install libplist:target 11.3600 1.7402 147 8.9040 1663421974.1610 1663421983.0650 
DONE 246 1 install libshairplay:target 9.5964 1.5521 140 7.9559 1663421983.1205 1663421991.0765 
DONE 247 1 install libnfs:target 10.8303 1.3622 129 9.4722 1663421991.1773 1663422000.6495 
DONE 248 1 install libmicrohttpd:target 8.9860 2.4711 170 6.7461 1663422000.8208 1663422007.5669 
DONE 249 1 install libevdev:target 1.7159 0.2803 149 1.3381 1663422007.6964 1663422009.0344 
DONE 250 1 install mtdev:target 2.1505 0.4845 121 2.1854 1663422009.0456 1663422011.2311 
DONE 251 1 install libinput:target 14.5177 2.5064 551 3.0869 1663422011.2564 1663422014.3433 
DONE 252 1 install xkeyboard-config:target 2.4726 0.3468 243 1.1615 1663422014.4106 1663422015.5721 
DONE 253 1 install libxkbcommon:target 20.2360 3.1679 816 2.8685 1663422015.7262 1663422018.5948 
DONE 254 1 install kodi:target 7179.0062 712.3367 1458 541.0900 1663422018.7034 1663422559.7933 
DONE 255 1 install kodi-theme-Estuary:target 0.3865 0.0964 110 0.4397 1663422560.8227 1663422561.2624 
DONE 256 1 build distutilscross:host 0.2796 0.0503 103 0.3194 1663422561.2629 1663422561.5823 
DONE 257 1 install tiff:target 10.7503 1.4323 448 2.7204 1663422561.5847 1663422564.3051 
DONE 258 1 install Pillow:target 11.9068 1.8613 111 12.4019 1663422564.3167 1663422576.7185 
DONE 259 1 install simplejson:target 0.9794 0.1063 100 1.0813 1663422576.8501 1663422577.9314 
DONE 260 1 install pycryptodome:target 7.8146 1.0092 103 8.5967 1663422577.9573 1663422586.5540 
DONE 261 1 install dbussy:target 0.3996 0.0687 104 0.4521 1663422586.7121 1663422587.1642 
DONE 262 1 install bkeymaps:target 0.2140 0.0501 106 0.2493 1663422587.1667 1663422587.4161 
DONE 263 1 install LibreELEC-settings:target 0.3143 0.1115 106 0.4016 1663422587.4166 1663422587.8182 
DONE 264 1 install xmlstarlet:target 2.9719 0.7694 203 1.8446 1663422587.8247 1663422589.6693 
DONE 265 1 build kodi:host 0.9993 0.3622 105 1.2971 1663422589.6879 1663422590.9849 
DONE 266 1 install kodi-platform:target 0.7159 0.1677 103 0.8587 1663422591.0078 1663422591.8666 
DONE 267 1 install peripheral.joystick:target 65.7381 5.5358 619 11.5189 1663422591.8706 1663422603.3896 
DONE 268 1 install intel-vaapi-driver:target 30.4829 2.8317 822 4.0526 1663422603.5084 1663422607.5610 
DONE 269 1 install gmmlib:target 30.2974 2.1948 631 5.1484 1663422607.5801 1663422612.7285 
DONE 270 1 install media-driver:target 3082.5292 698.2990 1536 246.0858 1663422612.7580 1663422858.8438 
DONE 271 1 install mediacenter:target 0.2342 0.0256 120 0.2167 1663422858.9820 1663422859.1986 
DONE 272 1 install alsa-utils:target 12.8517 2.7232 207 7.5138 1663422859.1990 1663422866.7128 
DONE 273 1 install alsa:target 0.1276 0.0262 107 0.1435 1663422866.8610 1663422867.0045 
DONE 274 1 install udevil:target 2.4001 0.4759 111 2.5854 1663422867.0051 1663422869.5905 
DONE 275 1 install diskdev_cmds:target 2.4606 0.8260 517 0.6354 1663422869.6268 1663422870.2622 
DONE 276 1 install eventlircd:target 2.9815 0.6310 84 4.3232 1663422870.3258 1663422874.6490 
DONE 277 1 install libirman:target 5.7061 0.7598 88 7.3375 1663422874.6763 1663422882.0138 
DONE 278 1 install libbpf:target 6.2653 0.5716 305 2.2401 1663422882.0519 1663422884.2919 
DONE 279 1 install v4l-utils:target 53.3202 6.5768 333 17.9801 1663422884.2940 1663422902.2741 
DONE 280 1 install evrepeat:target 0.2348 0.0227 106 0.2422 1663422902.3141 1663422902.5563 
DONE 281 1 install remote:target 0.1232 0.0238 106 0.1384 1663422902.5582 1663422902.6965 
DONE 282 1 build pixman:host 25.0607 3.0490 451 6.2362 1663422902.6971 1663422908.9333 
DONE 283 1 build qemu:host 159.8407 34.0296 870 22.2803 1663422908.9663 1663422931.2465 
DONE 284 1 install fuse3:target 4.3577 0.8920 216 2.4316 1663422931.3172 1663422933.7487 
DONE 285 1 install libcheck:target 7.4145 1.9834 262 3.5935 1663422933.7594 1663422937.3529 
DONE 286 1 install libdnet:target 9.8244 2.3608 149 8.2005 1663422937.3836 1663422945.5842 
DONE 287 1 install open-vm-tools:target 52.1414 9.2500 177 34.6959 1663422945.7156 1663422980.4115 
DONE 288 1 install virtual:target 0.2190 0.0372 121 0.2123 1663422981.6705 1663422981.8828 
DONE 289 1 install slang:target 24.6316 2.9353 102 26.9573 1663422981.8833 1663423008.8407 
DONE 290 1 install newt:target 6.6839 1.2690 209 3.8060 1663423008.9634 1663423012.7694 
DONE 291 1 install flex:target 13.0728 2.2376 308 4.9676 1663423012.7897 1663423017.7574 
DONE 292 1 build freetype:host 16.0980 1.5287 519 3.3937 1663423017.8170 1663423021.2107 
DONE 293 1 build grub:host 110.6758 21.6873 318 41.6293 1663423021.3534 1663423062.9827 
DONE 294 1 install grub:target 123.4212 23.0848 344 42.5812 1663423065.7899 1663423108.3711 
DONE 295 1 install installer:target 0.1723 0.0313 105 0.1931 1663423111.4235 1663423111.6166 
DONE 296 1 install image:target 0.1273 0.0243 104 0.1453 1663423111.6173 1663423111.7625 
